1
10
102
103
104
105
107
108
112
118
119
122
123
124
125
129
132
134
135
136
139
140
141
142
143
144
145
149
15
151
153
157
158
16
160
161
163
164
168
169
17
173
18
180
182
185
187
189
191
192
196
197
198
2
20
200
202
204
205
208
209
210
212
215
216
219
22
220
221
222
223
225
227
228
229
230
232
233
234
235
236
237
238
239
24
240
243
244
246
250
251
252
253
254
256
257
259
262
263
264
265
266
268
27
270
272
275
276
278
279
281
283
285
286
287
289
29
290
291
292
294
295
296
297
3
30
300
301
303
305
307
309
310
311
313
314
315
323
326
328
329
330
331
334
336
337
339
340
344
345
349
35
351
355
359
36
360
361
362
363
364
365
366
367
368
369
370
371
372
373
374
375
376
377
384
387
39
390
391
392
394
395
396
398
4
400
403
404
405
407
408
410
414
416
419
42
420
421
427
428
429
431
432
433
434
435
438
439
44
440
441
442
443
444
445
446
447
453
454
455
456
457
459
460
462
469
47
470
471
472
473
474
477
478
48
480
483
485
488
49
490
492
495
496
497
5
500
501
502
503
505
506
51
52
53
54
55
58
6
60
61
67
69
7
70
72
73
76
79
80
82
84
85
86
87
90
91
94
96
97
99

