0
100
101
106
109
11
110
111
113
114
115
116
117
12
120
121
126
127
128
13
130
131
133
137
138
14
146
147
148
150
152
154
155
156
159
162
165
166
167
170
171
172
174
175
176
177
178
179
181
183
184
186
188
19
190
193
194
195
199
201
203
206
207
21
211
213
214
217
218
224
226
23
231
241
242
245
247
248
249
25
255
258
26
260
261
267
269
271
273
274
277
28
280
282
284
288
293
298
299
302
304
306
308
31
312
316
317
318
319
32
320
321
322
324
325
327
33
332
333
335
338
34
341
342
343
346
347
348
350
352
353
354
356
357
358
37
378
379
38
380
381
382
383
385
386
388
389
393
397
399
40
401
402
406
409
41
411
412
413
415
417
418
422
423
424
425
426
43
430
436
437
448
449
45
450
451
452
458
46
461
463
464
465
466
467
468
475
476
479
481
482
484
486
487
489
491
493
494
498
499
50
504
507
508
509
510
511
512
513
514
515
516
517
518
519
520
521
522
523
524
525
526
527
528
529
530
531
532
533
534
535
536
537
538
539
540
541
542
543
544
545
546
547
548
549
550
551
552
553
554
555
556
557
558
559
56
560
561
562
563
564
565
566
567
568
569
57
570
571
572
573
574
575
576
577
578
579
580
581
582
583
584
585
586
587
588
589
59
590
591
592
593
594
595
596
597
598
599
600
601
602
603
604
605
606
607
608
609
610
611
612
613
614
615
616
617
618
619
62
620
621
622
623
624
625
626
627
628
629
63
630
631
632
633
634
635
636
637
638
639
64
640
641
642
643
644
645
646
647
648
649
65
650
651
652
653
654
655
656
657
658
659
66
660
661
662
663
664
665
666
667
668
669
670
671
672
673
674
675
676
677
678
679
68
680
681
682
683
684
685
686
687
688
689
690
691
692
693
694
695
696
697
698
699
700
701
702
703
704
705
706
707
708
709
71
710
711
712
713
714
715
716
717
718
719
720
721
722
723
724
725
726
727
728
729
730
731
732
733
734
735
736
737
738
739
74
740
741
742
743
744
745
746
747
748
749
75
750
751
752
753
754
755
756
757
758
759
760
761
762
763
764
765
766
767
77
78
8
81
83
88
89
9
92
93
95
98

